762
878
911
959
996
1010
1032
1082
1111
1131
1134
1135
1145
1177
1179
1188
1219
1224
1241
1264
1273
1301
1308
1332
1334
1335
1336
1342
1347
1350
1369
1375
1380
1381
1387
1389
1404
1407
1413
1414
1422
1422
1430
1440
1442
1444
1444
1449
1452
1455
1465
1467
1493
1493
1494
1494
1507
1511
1521
1523
1538
1541
1545
1547
1551
1558
1564
1569
1574
1584
1586
1588
1597
1598
1601
1605
1607
1610
1615
1620
1621
1622
1624
1630
1635
1635
1638
1640
1648
1650
1651
1652
1653
1655
1657
1664
1669
1676
1679
1681
1681
1684
1695
1706
1708
1709
1711
1712
1713
1716
1723
1728
1728
1729
1730
1733
1734
1735
1741
1744
1744
1746
1751
1752
1754
1756
1757
1760
1761
1762
1764
1765
1765
1766
1770
1772
1776
1777
1779
1781
1781
1782
1785
1788
1789
1790
1791
1791
1795
1797
1798
1798
1801
1801
1802
1804
1807
1809
1810
1812
1813
1813
1816
1816
1817
1818
1822
1822
1829
1830
1830
1830
1831
1832
1834
1835
1839
1839
1840
1844
1844
1846
1848
1849
1850
1852
1854
1855
1855
1857
1858
1859
1860
1861
1861
1862
1868
1871
1873
1875
1877
1877
1879
1882
1884
1884
1886
1888
1888
1890
1891
1893
1896
1896
1898
1898
1902
1903
1905
1908
1910
1912
1916
1919
1919
1924
1924
1925
1925
1926
1931
1932
1933
1933
1936
1936
1939
1941
1942
1942
1942
1943
1944
1949
1949
1950
1950
1951
1954
1955
1956
1958
1960
1962
1962
1964
1967
1969
1971
1974
1974
1976
1976
1977
1979
1980
1980
1980
1982
1984
1984
1985
1986
1988
1990
1990
1992
1992
1992
1993
1996
1996
1997
1998
1999
1999
1999
1999
2004
2006
2007
2008
2009
2010
2010
2012
2012
2014
2015
2015
2017
2017
2018
2020
2020
2021
2021
2022
2022
2022
2022
2023
2024
2025
2025
2026
2026
2030
2030
2031
2032
2035
2037
2037
2038
2038
2042
2042
2043
2044
2045
2045
2045
2046
2047
2048
2049
2053
2054
2054
2055
2057
2059
2060
2063
2065
2065
2067
2067
2068
2069
2069
2070
2070
2071
2072
2074
2075
2076
2076
2077
2077
2077
2078
2078
2078
2079
2080
2080
2084
2091
2092
2092
2092
2093
2093
2096
2098
2099
2099
2100
2102
2104
2105
2106
2107
2107
2108
2108
2109
2109
2110
2111
2111
2111
2113
2114
2115
2116
2117
2118
2119
2124
2125
2126
2126
2127
2128
2129
2129
2129
2129
2129
2130
2131
2135
2135
2135
2135
2136
2140
2140
2140
2142
2142
2142
2142
2144
2144
2144
2146
2147
2148
2150
2150
2150
2155
2155
2158
2159
2161
2163
2164
2164
2165
2166
2167
2167
2169
2169
2170
2170
2170
2172
2173
2175
2175
2177
2178
2178
2178
2179
2180
2180
2180
2182
2184
2184
2186
2187
2187
2187
2188
2188
2189
2189
2190
2190
2191
2191
2192
2192
2193
2196
2196
2197
2198
2199
2199
2200
2200
2200
2201
2204
2204
2206
2206
2206
2207
2208
2210
2210
2211
2213
2213
2214
2214
2214
2214
2215
2217
2218
2218
2219
2220
2221
2222
2224
2224
2227
2228
2229
2229
2229
2230
2230
2232
2234
2240
2241
2242
2242
2244
2244
2245
2246
2247
2248
2248
2249
2249
2251
2252
2255
2255
2256
2262
2262
2263
2264
2265
2268
2269
2271
2272
2273
2274
2274
2275
2277
2278
2278
2280
2280
2281
2281
2287
2289
2289
2291
2295
2298
2298
2298
2298
2303
2303
2303
2305
2308
2309
2309
2310
2310
2311
2311
2312
2312
2313
2314
2314
2314
2315
2316
2318
2321
2321
2323
2324
2324
2325
2326
2329
2330
2330
2331
2332
2333
2333
2334
2337
2337
2339
2340
2340
2341
2341
2343
2343
2344
2344
2347
2349
2350
2352
2352
2355
2355
2356
2356
2357
2357
2358
2359
2359
2360
2360
2360
2363
2364
2365
2366
2367
2367
2367
2367
2367
2368
2368
2368
2370
2371
2371
2374
2377
2377
2378
2379
2381
2383
2384
2385
2385
2385
2387
2388
2389
2389
2390
2391
2392
2395
2396
2396
2396
2397
2397
2398
2400
2402
2405
2405
2406
2407
2410
2411
2413
2416
2416
2417
2417
2421
2421
2422
2422
2422
2423
2425
2425
2425
2427
2427
2430
2433
2433
2435
2437
2437
2438
2440
2441
2441
2443
2444
2445
2445
2445
2445
2446
2447
2448
2452
2452
2453
2454
2455
2455
2456
2457
2458
2460
2461
2461
2462
2464
2464
2465
2465
2466
2466
2468
2468
2469
2470
2471
2472
2472
2473
2473
2473
2474
2475
2475
2476
2476
2477
2478
2480
2481
2481
2482
2482
2483
2484
2485
2485
2486
2486
2487
2488
2488
2488
2492
2493
2494
2494
2494
2495
2496
2496
2497
2498
2498
2498
2499
2499
2499
2500
2502
2503
2503
2504
2505
2506
2506
2509
2510
2510
2510
2510
2511
2512
2513
2513
2515
2515
2515
2517
2518
2519
2520
2520
2520
2522
2526
2528
2529
2530
2530
2531
2531
2532
2533
2533
2533
2534
2534
2535
2536
2536
2537
2538
2539
2539
2540
2542
2542
2542
2543
2544
2545
2545
2546
2547
2548
2549
2550
2550
2552
2552
2552
2553
2555
2555
2556
2556
2557
2558
2560
2561
2561
2563
2563
2564
2564
2564
2565
2566
2566
2566
2568
2568
2568
2570
2570
2571
2571
2574
2575
2575
2576
2577
2577
2579
2580
2581
2581
2581
2583
2583
2584
2584
2585
2587
2587
2589
2590
2590
2591
2592
2594
2596
2596
2597
2597
2597
2597
2599
2599
2601
2601
2602
2603
2603
2603
2604
2605
2606
2606
2607
2607
2608
2608
2608
2609
2610
2612
2612
2612
2612
2612
2612
2612
2613
2613
2613
2614
2616
2617
2617
2618
2618
2620
2621
2621
2623
2623
2624
2624
2624
2624
2627
2627
2628
2628
2628
2629
2629
2631
2631
2631
2632
2633
2634
2637
2638
2640
2641
2641
2641
2642
2642
2643
2644
2644
2644
2644
2645
2645
2645
2645
2646
2646
2647
2648
2648
2649
2649
2650
2650
2652
2652
2652
2653
2653
2654
2654
2654
2655
2656
2656
2657
2658
2660
2661
2662
2665
2666
2666
2666
2666
2667
2667
2667
2668
2668
2669
2670
2672
2672
2672
2673
2673
2673
2674
2674
2675
2676
2676
2677
2677
2678
2678
2680
2682
2683
2685
2686
2688
2688
2688
2690
2690
2690
2690
2690
2690
2690
2691
2692
2692
2692
2695
2697
2698
2699
2702
2703
2704
2706
2706
2707
2707
2707
2708
2710
2710
2711
2712
2712
2713
2713
2715
2716
2716
2717
2717
2717
2717
2718
2719
2721
2721
2722
2722
2722
2723
2723
2723
2724
2725
2725
2726
2726
2726
2726
2728
2728
2728
2729
2730
2731
2731
2731
2732
2732
2733
2734
2735
2735
2735
2736
2736
2737
2737
2739
2741
2747
2748
2748
2749
2749
2751
2752
2752
2754
2754
2754
2755
2755
2756
2756
2757
2757
2758
2762
2763
2763
2764
2765
2766
2766
2766
2766
2767
2768
2768
2768
2769
2769
2772
2773
2773
2773
2773
2774
2774
2774
2775
2775
2776
2776
2777
2777
2777
2778
2779
2779
2782
2783
2786
2786
2788
2788
2789
2789
2789
2789
2790
2791
2792
2792
2792
2792
2793
2793
2793
2794
2795
2796
2796
2797
2797
2798
2801
2801
2801
2802
2803
2803
2804
2804
2804
2805
2806
2806
2806
2807
2807
2808
2811
2811
2813
2813
2814
2814
2814
2815
2815
2815
2816
2816
2816
2817
2817
2818
2818
2818
2819
2820
2821
2822
2822
2823
2823
2823
2823
2823
2823
2823
2825
2826
2827
2827
2827
2829
2829
2830
2832
2832
2833
2833
2834
2834
2835
2835
2835
2838
2838
2839
2840
2841
2841
2841
2841
2841
2843
2843
2845
2846
2846
2848
2848
2849
2849
2849
2851
2851
2852
2852
2852
2854
2855
2855
2856
2857
2858
2859
2859
2859
2861
2862
2862
2862
2863
2863
2863
2864
2864
2864
2865
2865
2865
2866
2867
2867
2868
2869
2869
2869
2869
2869
2870
2870
2870
2872
2873
2873
2874
2874
2876
2877
2878
2878
2878
2878
2878
2879
2880
2880
2881
2882
2883
2884
2885
2885
2887
2887
2887
2888
2888
2889
2889
2892
2892
2894
2894
2895
2895
2896
2897
2897
2897
2898
2898
2900
2900
2900
2900
2902
2903
2904
2905
2908
2908
2909
2910
2911
2911
2914
2916
2916
2917
2917
2918
2921
2922
2922
2923
2924
2925
2925
2927
2929
2930
2931
2931
2931
2931
2931
2931
2933
2933
2935
2936
2937
2937
2937
2939
2939
2940
2940
2940
2940
2941
2942
2944
2945
2945
2945
2946
2947
2947
2947
2948
2948
2948
2949
2949
2949
2950
2950
2950
2951
2952
2953
2954
2954
2954
2954
2955
2955
2956
2957
2958
2958
2958
2958
2959
2959
2959
2961
2962
2962
2962
2962
2963
2963
2964
2965
2966
2966
2966
2966
2967
2967
2968
2968
2968
2968
2969
2970
2970
2971
2972
2973
2973
2974
2974
2974
2974
2975
2976
2977
2978
2979
2980
2981
2981
2982
2983
2984
2985
2985
2985
2985
2985
2985
2985
2986
2986
2987
2987
2987
2988
2988
2988
2989
2989
2990
2990
2992
2993
2995
2997
2998
2999
2999
3000
3001
3003
3003
3003
3005
3005
3006
3007
3007
3007
3008
3009
3009
3009
3011
3011
3012
3013
3013
3014
3014
3015
3015
3015
3017
3018
3018
3018
3019
3020
3020
3021
3021
3021
3021
3022
3022
3024
3024
3025
3026
3027
3027
3027
3028
3028
3031
3031
3032
3032
3033
3034
3035
3035
3036
3036
3037
3037
3037
3037
3037
3038
3038
3039
3039
3040
3041
3042
3042
3042
3043
3043
3043
3045
3045
3045
3045
3045
3046
3049
3050
3050
3051
3051
3052
3053
3053
3053
3054
3055
3057
3057
3057
3057
3058
3059
3059
3060
3060
3061
3061
3062
3062
3063
3063
3064
3064
3064
3065
3067
3067
3067
3068
3069
3069
3069
3069
3070
3070
3071
3071
3071
3071
3072
3073
3074
3074
3076
3076
3077
3079
3079
3079
3081
3081
3081
3082
3083
3084
3084
3084
3084
3085
3086
3087
3087
3088
3089
3090
3090
3091
3092
3092
3092
3093
3093
3093
3093
3094
3094
3095
3095
3096
3096
3097
3097
3097
3098
3099
3099
3099
3099
3100
3100
3101
3102
3102
3103
3103
3104
3105
3106
3106
3106
3107
3107
3108
3108
3109
3110
3111
3112
3113
3113
3113
3114
3114
3116
3117
3117
3118
3120
3120
3121
3122
3122
3123
3125
3126
3127
3127
3128
3129
3130
3130
3130
3130
3131
3132
3133
3133
3133
3133
3134
3134
3135
3136
3137
3137
3139
3140
3140
3140
3142
3146
3146
3146
3147
3147
3148
3148
3148
3149
3150
3150
3152
3153
3153
3155
3155
3156
3156
3156
3157
3157
3157
3157
3157
3158
3158
3159
3159
3159
3160
3160
3161
3161
3162
3165
3165
3166
3167
3167
3168
3168
3168
3168
3169
3170
3170
3172
3172
3173
3173
3173
3174
3174
3175
3175
3176
3177
3177
3178
3178
3179
3180
3181
3182
3183
3183
3184
3188
3188
3189
3191
3192
3192
3192
3192
3193
3193
3193
3194
3194
3195
3196
3196
3197
3197
3197
3198
3198
3199
3199
3200
3202
3202
3202
3202
3202
3204
3204
3205
3206
3206
3207
3207
3207
3208
3208
3208
3208
3209
3212
3212
3212
3212
3212
3213
3214
3214
3214
3215
3216
3216
3217
3217
3217
3218
3219
3219
3221
3222
3222
3222
3223
3223
3223
3223
3224
3224
3224
3224
3225
3226
3228
3229
3231
3231
3231
3231
3232
3232
3233
3234
3234
3234
3234
3234
3235
3235
3236
3236
3237
3238
3239
3239
3239
3240
3240
3243
3243
3244
3244
3246
3246
3246
3248
3248
3248
3249
3249
3249
3249
3250
3250
3251
3252
3252
3252
3252
3253
3254
3255
3255
3255
3255
3257
3257
3257
3258
3258
3258
3259
3259
3260
3260
3261
3262
3262
3262
3263
3265
3265
3265
3267
3267
3268
3268
3268
3268
3270
3270
3271
3272
3272
3272
3272
3273
3274
3274
3274
3275
3276
3276
3277
3277
3277
3278
3278
3279
3279
3280
3280
3280
3281
3281
3282
3283
3283
3283
3283
3285
3285
3285
3285
3286
3286
3286
3287
3287
3287
3287
3288
3291
3291
3292
3294
3294
3296
3297
3297
3297
3299
3299
3300
3301
3301
3301
3302
3302
3302
3302
3303
3303
3303
3304
3304
3305
3305
3306
3306
3307
3307
3307
3307
3309
3310
3310
3311
3311
3311
3313
3313
3313
3314
3314
3314
3315
3316
3316
3316
3316
3317
3317
3318
3318
3318
3318
3319
3319
3320
3320
3320
3320
3320
3321
3321
3321
3322
3322
3322
3323
3323
3323
3324
3324
3324
3325
3325
3325
3326
3326
3327
3327
3328
3328
3328
3329
3330
3330
3332
3333
3335
3335
3335
3336
3338
3339
3341
3342
3342
3343
3343
3343
3345
3346
3347
3347
3348
3348
3348
3348
3348
3349
3350
3350
3350
3350
3351
3351
3351
3352
3353
3353
3354
3354
3354
3355
3355
3355
3356
3357
3357
3358
3358
3358
3358
3358
3358
3359
3360
3361
3361
3361
3362
3362
3362
3362
3363
3363
3364
3364
3365
3365
3366
3366
3366
3367
3367
3367
3368
3368
3369
3370
3371
3372
3373
3373
3373
3373
3374
3374
3374
3374
3374
3375
3375
3376
3377
3377
3377
3377
3377
3378
3379
3379
3379
3381
3381
3381
3382
3382
3383
3383
3383
3385
3385
3386
3386
3386
3387
3388
3389
3390
3390
3390
3391
3391
3392
3392
3392
3393
3393
3393
3393
3394
3394
3395
3395
3396
3396
3397
3397
3397
3397
3398
3398
3398
3398
3399
3399
3402
3403
3404
3405
3405
3407
3408
3408
3408
3408
3409
3409
3409
3409
3410
3411
3412
3413
3413
3413
3414
3415
3416
3417
3417
3417
3418
3418
3418
3420
3420
3422
3422
3422
3423
3423
3424
3424
3425
3426
3426
3426
3427
3427
3427
3427
3428
3429
3429
3429
3430
3430
3431
3431
3431
3433
3434
3437
3438
3440
3440
3440
3441
3441
3442
3443
3444
3445
3446
3446
3447
3447
3447
3447
3448
3449
3449
3450
3450
3452
3453
3454
3454
3454
3454
3454
3455
3456
3456
3457
3457
3458
3458
3458
3459
3460
3460
3461
3461
3461
3462
3462
3463
3463
3465
3465
3465
3466
3466
3467
3467
3467
3467
3469
3469
3469
3470
3471
3471
3471
3471
3473
3474
3474
3475
3476
3476
3476
3477
3477
3478
3479
3480
3480
3480
3480
3480
3481
3481
3481
3481
3482
3482
3482
3483
3483
3483
3483
3484
3484
3486
3486
3486
3488
3489
3490
3491
3492
3492
3493
3495
3495
3496
3496
3496
3497
3498
3498
3499
3499
3500
3501
3504
3505
3505
3506
3506
3506
3506
3507
3508
3510
3511
3511
3512
3512
3513
3514
3514
3514
3514
3515
3515
3515
3516
3516
3516
3517
3517
3517
3518
3518
3518
3518
3518
3519
3519
3520
3522
3522
3523
3523
3523
3524
3524
3524
3525
3525
3525
3526
3526
3526
3526
3526
3527
3527
3528
3528
3528
3528
3529
3530
3530
3531
3531
3531
3531
3532
3532
3533
3533
3533
3533
3533
3534
3534
3536
3536
3536
3537
3537
3538
3539
3540
3540
3542
3542
3543
3543
3543
3544
3544
3544
3546
3546
3546
3547
3548
3549
3549
3550
3550
3550
3550
3551
3551
3552
3552
3552
3552
3553
3553
3553
3554
3554
3554
3555
3556
3556
3557
3557
3558
3559
3560
3560
3561
3561
3561
3561
3561
3562
3562
3563
3563
3564
3564
3565
3565
3566
3566
3566
3566
3567
3567
3568
3569
3569
3570
3570
3570
3571
3571
3571
3572
3572
3572
3573
3573
3573
3574
3574
3574
3575
3575
3577
3577
3577
3577
3578
3579
3579
3580
3580
3580
3582
3582
3582
3582
3582
3583
3583
3583
3583
3584
3584
3585
3586
3587
3588
3589
3589
3591
3591
3591
3592
3593
3594
3594
3595
3595
3596
3596
3597
3597
3597
3597
3599
3599
3600
3600
3600
3600
3601
3601
3601
3602
3602
3602
3602
3602
3602
3603
3603
3604
3604
3604
3604
3605
3605
3605
3606
3606
3606
3606
3608
3609
3609
3609
3610
3610
3610
3610
3610
3611
3611
3611
3611
3612
3613
3613
3613
3614
3614
3615
3616
3616
3617
3618
3618
3618
3618
3619
3620
3620
3621
3621
3621
3622
3622
3622
3623
3623
3624
3625
3625
3625
3626
3626
3626
3626
3627
3627
3627
3627
3628
3628
3629
3630
3630
3631
3631
3632
3632
3632
3632
3632
3632
3633
3633
3633
3634
3636
3637
3637
3638
3638
3639
3639
3639
3642
3643
3643
3643
3643
3644
3645
3645
3646
3646
3646
3647
3647
3648
3648
3648
3649
3650
3650
3651
3652
3652
3652
3653
3653
3653
3653
3654
3654
3655
3655
3655
3656
3656
3656
3656
3656
3658
3660
3661
3661
3661
3661
3661
3662
3662
3663
3663
3666
3667
3668
3668
3668
3669
3669
3669
3669
3670
3671
3671
3672
3672
3673
3673
3673
3674
3674
3674
3674
3675
3675
3676
3676
3676
3677
3677
3678
3678
3679
3679
3679
3680
3680
3680
3680
3681
3681
3682
3682
3682
3682
3683
3683
3684
3684
3684
3684
3685
3686
3686
3687
3687
3687
3687
3688
3688
3689
3690
3690
3691
3691
3691
3692
3692
3692
3692
3692
3693
3693
3693
3694
3694
3695
3695
3696
3696
3698
3700
3700
3700
3700
3700
3700
3700
3701
3701
3701
3701
3701
3703
3703
3703
3704
3705
3706
3706
3707
3707
3707
3708
3708
3708
3709
3709
3709
3710
3710
3712
3712
3713
3714
3715
3715
3716
3716
3717
3717
3718
3719
3720
3720
3720
3722
3723
3724
3724
3724
3725
3725
3725
3725
3725
3725
3726
3726
3726
3727
3727
3728
3728
3729
3729
3729
3729
3729
3729
3729
3730
3730
3731
3732
3732
3732
3732
3733
3734
3734
3735
3736
3736
3740
3740
3741
3741
3741
3741
3741
3742
3742
3742
3743
3745
3747
3747
3747
3747
3748
3748
3748
3749
3749
3750
3750
3750
3751
3751
3751
3753
3753
3754
3754
3754
3755
3755
3756
3757
3757
3758
3758
3760
3761
3761
3762
3762
3762
3763
3763
3763
3764
3764
3765
3766
3766
3766
3767
3767
3767
3767
3767
3768
3769
3769
3769
3769
3772
3772
3772
3773
3774
3775
3775
3775
3776
3776
3776
3777
3778
3778
3778
3778
3778
3778
3779
3780
3780
3781
3781
3781
3782
3783
3784
3784
3784
3784
3785
3785
3785
3785
3787
3787
3787
3787
3788
3789
3789
3790
3790
3790
3791
3791
3791
3791
3793
3793
3794
3795
3796
3797
3798
3798
3798
3798
3799
3799
3799
3800
3800
3801
3803
3804
3804
3804
3804
3804
3805
3805
3806
3808
3808
3808
3808
3808
3809
3810
3810
3812
3812
3812
3812
3813
3813
3814
3814
3814
3814
3815
3815
3816
3816
3816
3816
3818
3818
3818
3819
3819
3820
3820
3821
3821
3821
3821
3822
3822
3823
3824
3825
3825
3826
3826
3826
3826
3826
3826
3827
3827
3830
3830
3831
3831
3831
3831
3831
3832
3832
3832
3833
3833
3834
3834
3834
3835
3836
3836
3836
3836
3837
3837
3838
3839
3841
3841
3841
3841
3841
3842
3842
3842
3842
3842
3843
3843
3843
3844
3844
3844
3845
3846
3846
3846
3847
3847
3847
3848
3848
3848
3848
3848
3849
3849
3851
3851
3851
3851
3852
3854
3854
3854
3854
3855
3855
3855
3855
3856
3856
3856
3856
3857
3857
3857
3858
3858
3859
3860
3860
3861
3861
3862
3863
3863
3863
3863
3865
3865
3865
3866
3866
3867
3867
3868
3868
3868
3869
3870
3871
3871
3871
3871
3872
3873
3875
3875
3876
3877
3877
3878
3878
3878
3878
3879
3879
3879
3879
3879
3879
3880
3880
3881
3881
3881
3881
3882
3882
3882
3883
3884
3884
3885
3886
3887
3887
3888
3888
3888
3888
3889
3889
3889
3890
3890
3890
3891
3892
3892
3893
3893
3893
3896
3896
3896
3896
3897
3897
3897
3897
3897
3899
3901
3901
3902
3902
3902
3902
3903
3903
3904
3904
3904
3905
3905
3907
3907
3907
3907
3908
3908
3910
3910
3911
3911
3911
3911
3911
3912
3912
3913
3913
3913
3914
3914
3914
3916
3916
3916
3917
3917
3919
3920
3921
3922
3922
3923
3924
3924
3925
3925
3926
3926
3926
3928
3929
3930
3931
3931
3932
3932
3932
3932
3933
3933
3934
3934
3934
3934
3934
3934
3935
3935
3936
3937
3938
3938
3939
3939
3939
3939
3941
3941
3942
3942
3942
3943
3944
3945
3945
3946
3947
3947
3947
3948
3948
3948
3949
3949
3951
3951
3952
3953
3954
3955
3955
3955
3955
3956
3957
3958
3958
3958
3959
3960
3961
3962
3962
3962
3962
3962
3962
3964
3964
3965
3965
3965
3966
3966
3967
3967
3967
3971
3973
3973
3973
3974
3976
3976
3977
3977
3977
3978
3978
3978
3978
3979
3979
3980
3980
3981
3982
3982
3984
3985
3985
3985
3985
3986
3986
3987
3987
3987
3988
3988
3989
3989
3990
3990
3990
3991
3992
3992
3992
3994
3995
3995
3995
3996
3997
3997
3997
3998
3998
3998
3999
3999
3999
3999
3999
3999
4000
4001
4001
4001
4002
4002
4002
4003
4004
4005
4006
4007
4007
4007
4007
4009
4010
4010
4010
4011
4011
4011
4013
4013
4016
4016
4018
4018
4019
4019
4019
4019
4020
4021
4021
4021
4022
4022
4022
4024
4025
4025
4025
4026
4026
4026
4027
4027
4027
4028
4028
4028
4028
4029
4029
4030
4030
4030
4030
4031
4031
4031
4032
4032
4032
4032
4032
4033
4034
4034
4035
4036
4036
4036
4037
4038
4038
4039
4039
4040
4041
4041
4041
4041
4042
4042
4043
4043
4043
4045
4045
4045
4047
4049
4050
4051
4051
4052
4052
4052
4052
4054
4056
4057
4057
4057
4058
4058
4059
4060
4061
4062
4063
4064
4064
4064
4065
4065
4067
4068
4069
4069
4070
4070
4071
4071
4072
4072
4072
4073
4074
4076
4076
4077
4079
4079
4080
4080
4081
4082
4082
4083
4083
4083
4083
4083
4084
4085
4085
4086
4087
4088
4089
4089
4090
4090
4090
4090
4092
4092
4093
4093
4093
4094
4095
4095
4096
4096
4097
4098
4098
4098
4099
4099
4099
4100
4101
4102
4102
4102
4103
4103
4105
4105
4106
4106
4106
4107
4107
4108
4109
4112
4113
4113
4114
4114
4115
4115
4116
4116
4117
4117
4118
4118
4118
4119
4120
4121
4121
4123
4123
4124
4124
4124
4125
4126
4126
4126
4127
4127
4127
4129
4130
4130
4133
4133
4133
4134
4134
4134
4134
4134
4135
4135
4135
4135
4136
4136
4137
4138
4139
4139
4139
4139
4140
4140
4140
4141
4141
4142
4143
4144
4144
4145
4145
4145
4146
4147
4147
4148
4148
4148
4149
4149
4149
4150
4151
4151
4151
4152
4152
4153
4154
4154
4154
4154
4155
4156
4157
4157
4158
4159
4159
4160
4160
4160
4161
4162
4162
4163
4163
4164
4164
4165
4165
4165
4165
4165
4166
4166
4167
4168
4168
4168
4170
4170
4170
4171
4171
4172
4172
4172
4172
4172
4172
4173
4173
4173
4173
4174
4174
4175
4176
4177
4177
4178
4178
4179
4179
4180
4181
4182
4182
4183
4183
4184
4185
4185
4186
4186
4186
4186
4186
4186
4187
4187
4187
4188
4188
4188
4188
4189
4189
4189
4189
4189
4192
4192
4192
4192
4192
4193
4193
4193
4194
4194
4194
4195
4195
4195
4195
4196
4196
4197
4197
4199
4200
4200
4200
4200
4200
4201
4202
4203
4203
4204
4204
4204
4204
4205
4205
4205
4207
4207
4208
4209
4209
4210
4210
4210
4210
4210
4211
4211
4212
4212
4212
4213
4213
4215
4215
4216
4217
4217
4218
4218
4219
4219
4219
4219
4220
4220
4221
4222
4222
4224
4225
4226
4226
4226
4228
4228
4228
4229
4229
4231
4232
4232
4233
4234
4234
4234
4235
4235
4236
4236
4237
4237
4237
4238
4238
4238
4238
4238
4239
4239
4239
4239
4239
4240
4241
4241
4242
4242
4242
4242
4243
4243
4243
4243
4243
4244
4244
4246
4247
4247
4247
4247
4247
4250
4250
4251
4251
4253
4253
4253
4253
4254
4254
4254
4255
4256
4257
4257
4258
4258
4259
4262
4263
4263
4263
4263
4264
4265
4265
4266
4268
4268
4269
4270
4270
4271
4271
4272
4273
4273
4274
4275
4275
4275
4276
4276
4276
4277
4277
4277
4277
4278
4278
4279
4280
4281
4282
4283
4283
4284
4287
4288
4290
4290
4290
4292
4292
4292
4293
4294
4294
4295
4296
4297
4297
4297
4297
4298
4299
4299
4300
4301
4301
4303
4303
4304
4305
4305
4305
4305
4306
4306
4306
4307
4307
4308
4308
4308
4309
4309
4311
4312
4313
4314
4315
4316
4318
4318
4318
4318
4319
4319
4320
4321
4321
4322
4322
4322
4323
4323
4324
4326
4326
4326
4327
4327
4327
4329
4329
4330
4331
4331
4331
4333
4335
4335
4335
4336
4336
4336
4338
4340
4342
4343
4344
4344
4344
4344
4344
4345
4347
4348
4349
4349
4349
4349
4350
4351
4351
4352
4353
4353
4353
4353
4354
4354
4354
4354
4355
4355
4356
4357
4357
4357
4358
4358
4358
4359
4360
4360
4361
4362
4362
4363
4363
4364
4365
4367
4368
4369
4369
4369
4370
4371
4372
4372
4373
4374
4374
4375
4375
4375
4375
4376
4377
4378
4378
4378
4379
4379
4380
4380
4381
4381
4383
4383
4384
4385
4385
4386
4387
4387
4387
4389
4389
4390
4390
4391
4392
4393
4393
4393
4393
4394
4394
4394
4395
4395
4395
4396
4396
4397
4397
4398
4399
4400
4400
4400
4400
4401
4402
4402
4403
4404
4404
4404
4406
4407
4407
4408
4409
4409
4410
4410
4410
4411
4411
4411
4412
4412
4412
4412
4413
4413
4414
4415
4416
4418
4418
4420
4421
4421
4421
4421
4422
4423
4424
4425
4425
4426
4426
4426
4427
4427
4428
4428
4429
4429
4429
4430
4432
4432
4432
4434
4434
4436
4436
4437
4438
4438
4438
4439
4440
4440
4440
4441
4441
4442
4443
4443
4444
4444
4444
4444
4445
4445
4446
4446
4446
4446
4447
4448
4451
4451
4451
4452
4453
4453
4455
4455
4455
4456
4457
4457
4457
4460
4460
4460
4460
4462
4462
4462
4463
4463
4464
4464
4465
4467
4468
4468
4470
4470
4470
4471
4471
4472
4473
4473
4474
4474
4475
4477
4477
4477
4478
4478
4481
4481
4483
4484
4485
4486
4486
4487
4487
4488
4488
4488
4488
4488
4489
4489
4490
4492
4493
4494
4495
4495
4496
4497
4497
4498
4498
4502
4502
4502
4502
4503
4503
4503
4503
4504
4505
4506
4507
4507
4507
4508
4508
4508
4509
4509
4510
4511
4511
4512
4512
4512
4514
4515
4516
4516
4517
4517
4518
4518
4518
4519
4519
4519
4519
4520
4520
4522
4522
4523
4523
4523
4524
4524
4525
4526
4526
4526
4526
4527
4529
4531
4532
4532
4533
4533
4534
4534
4535
4535
4536
4536
4536
4536
4537
4538
4539
4539
4540
4540
4541
4541
4541
4544
4544
4544
4545
4545
4545
4546
4546
4546
4546
4547
4547
4548
4548
4548
4549
4549
4549
4550
4551
4552
4552
4553
4553
4554
4554
4554
4554
4554
4555
4555
4555
4556
4557
4558
4559
4561
4561
4562
4562
4563
4563
4563
4564
4564
4565
4565
4565
4566
4566
4567
4568
4569
4573
4574
4579
4579
4579
4579
4579
4580
4580
4580
4580
4581
4582
4583
4583
4585
4585
4585
4586
4586
4587
4587
4588
4588
4588
4588
4589
4589
4589
4590
4590
4590
4591
4591
4591
4592
4594
4594
4594
4596
4596
4596
4596
4597
4598
4598
4599
4600
4601
4601
4602
4602
4602
4602
4603
4604
4604
4605
4607
4608
4608
4609
4609
4609
4610
4610
4611
4611
4611
4612
4613
4613
4614
4614
4616
4617
4617
4617
4620
4621
4622
4622
4623
4625
4627
4627
4628
4629
4629
4629
4629
4629
4630
4631
4632
4632
4633
4633
4634
4634
4635
4637
4637
4638
4639
4639
4639
4640
4642
4642
4643
4644
4644
4645
4645
4647
4648
4648
4648
4649
4649
4649
4652
4652
4653
4654
4655
4655
4655
4655
4656
4657
4658
4660
4660
4660
4660
4662
4664
4664
4664
4665
4665
4666
4668
4671
4672
4673
4674
4675
4675
4675
4676
4677
4677
4679
4679
4683
4684
4685
4686
4686
4687
4689
4690
4690
4690
4691
4691
4692
4693
4693
4693
4694
4695
4695
4696
4696
4697
4697
4698
4698
4698
4700
4700
4700
4701
4702
4702
4703
4703
4703
4704
4704
4704
4705
4705
4705
4706
4706
4706
4707
4707
4708
4710
4711
4711
4712
4713
4714
4714
4715
4715
4716
4718
4718
4718
4718
4718
4719
4720
4721
4722
4723
4723
4724
4726
4726
4727
4730
4730
4731
4731
4732
4732
4732
4734
4734
4736
4736
4737
4738
4738
4739
4739
4740
4740
4740
4742
4745
4745
4745
4746
4748
4748
4748
4749
4750
4751
4751
4752
4754
4754
4755
4755
4756
4756
4756
4758
4758
4758
4759
4759
4760
4761
4761
4761
4763
4764
4765
4765
4766
4767
4768
4770
4770
4770
4771
4771
4772
4774
4776
4777
4778
4778
4778
4780
4780
4782
4782
4783
4783
4783
4785
4785
4786
4787
4789
4789
4790
4791
4793
4793
4793
4794
4795
4796
4796
4796
4796
4797
4797
4798
4798
4799
4801
4802
4802
4803
4804
4804
4805
4807
4807
4808
4808
4809
4809
4809
4810
4810
4810
4811
4811
4812
4812
4812
4813
4813
4813
4816
4816
4817
4817
4818
4818
4819
4819
4822
4822
4822
4825
4826
4826
4826
4826
4828
4829
4829
4832
4832
4832
4832
4833
4834
4834
4835
4836
4836
4838
4839
4840
4841
4841
4841
4842
4843
4844
4845
4846
4846
4847
4847
4847
4847
4847
4849
4849
4850
4850
4851
4853
4856
4857
4857
4857
4857
4859
4859
4860
4860
4860
4861
4861
4863
4865
4866
4867
4869
4869
4871
4874
4874
4874
4874
4878
4878
4880
4880
4880
4883
4883
4883
4884
4884
4886
4886
4886
4886
4887
4889
4889
4890
4893
4894
4894
4895
4895
4898
4899
4899
4901
4901
4902
4902
4902
4905
4905
4905
4905
4906
4907
4907
4907
4909
4909
4911
4915
4915
4916
4916
4918
4919
4919
4925
4925
4925
4925
4925
4926
4926
4927
4928
4928
4929
4931
4933
4933
4934
4934
4934
4935
4936
4937
4937
4939
4942
4943
4944
4946
4949
4950
4951
4951
4951
4953
4955
4958
4961
4961
4961
4963
4965
4965
4966
4966
4967
4968
4969
4969
4969
4969
4969
4970
4973
4973
4973
4975
4977
4977
4979
4979
4980
4980
4982
4984
4984
4985
4985
4988
4989
4989
4990
4996
4997
4998
5001
5001
5001
5002
5002
5005
5007
5008
5008
5010
5012
5014
5014
5015
5016
5018
5020
5021
5021
5024
5024
5025
5026
5026
5027
5027
5029
5031
5032
5034
5034
5035
5036
5037
5037
5038
5039
5040
5042
5043
5044
5044
5044
5046
5047
5048
5049
5049
5049
5050
5050
5053
5054
5054
5054
5054
5055
5056
5058
5060
5060
5061
5062
5063
5065
5065
5066
5066
5067
5069
5072
5073
5074
5076
5077
5078
5078
5079
5081
5082
5083
5083
5084
5084
5085
5085
5085
5087
5087
5087
5087
5088
5088
5089
5089
5090
5090
5090
5090
5092
5092
5092
5093
5095
5095
5095
5096
5099
5101
5101
5103
5103
5104
5106
5107
5108
5108
5109
5109
5110
5112
5112
5114
5115
5116
5116
5117
5121
5122
5122
5124
5124
5125
5126
5126
5127
5131
5132
5134
5136
5138
5138
5139
5140
5140
5140
5141
5142
5145
5147
5147
5148
5149
5150
5151
5152
5154
5156
5157
5160
5160
5163
5163
5164
5165
5166
5166
5167
5168
5171
5171
5172
5172
5172
5176
5176
5176
5177
5177
5178
5180
5180
5181
5181
5182
5182
5182
5183
5183
5184
5185
5185
5186
5186
5187
5188
5188
5189
5189
5190
5195
5197
5197
5198
5198
5199
5199
5199
5201
5201
5202
5203
5204
5206
5208
5212
5213
5213
5213
5215
5218
5220
5220
5221
5222
5223
5223
5225
5225
5226
5230
5231
5231
5233
5233
5234
5235
5235
5236
5237
5238
5238
5239
5239
5239
5245
5246
5247
5248
5248
5249
5250
5250
5250
5251
5252
5254
5254
5255
5258
5259
5260
5262
5262
5265
5266
5267
5267
5268
5271
5272
5272
5277
5278
5282
5285
5286
5287
5288
5288
5289
5290
5291
5291
5291
5292
5292
5292
5293
5295
5295
5295
5299
5300
5300
5302
5303
5304
5304
5304
5306
5306
5308
5309
5310
5311
5312
5313
5313
5314
5319
5319
5321
5321
5322
5323
5323
5324
5324
5324
5325
5326
5326
5326
5327
5327
5327
5328
5330
5333
5337
5337
5338
5340
5341
5341
5341
5341
5342
5343
5344
5345
5349
5351
5351
5351
5352
5352
5353
5353
5353
5354
5354
5355
5356
5356
5357
5358
5359
5361
5361
5362
5363
5364
5365
5365
5366
5366
5367
5367
5368
5370
5372
5374
5375
5375
5376
5378
5379
5379
5379
5380
5382
5383
5385
5386
5386
5390
5390
5394
5395
5395
5396
5401
5403
5405
5407
5407
5408
5412
5412
5414
5415
5415
5415
5415
5417
5417
5417
5418
5419
5422
5422
5423
5424
5425
5425
5426
5428
5429
5430
5431
5431
5432
5433
5433
5433
5434
5434
5435
5435
5435
5435
5437
5439
5440
5441
5447
5447
5448
5449
5451
5452
5452
5453
5453
5453
5453
5455
5455
5455
5456
5459
5459
5459
5462
5462
5464
5464
5464
5466
5467
5468
5468
5470
5472
5474
5474
5475
5477
5479
5481
5483
5483
5483
5484
5488
5490
5490
5492
5492
5493
5499
5499
5499
5501
5501
5501
5502
5502
5506
5507
5507
5508
5509
5509
5510
5511
5513
5514
5514
5514
5515
5515
5516
5516
5517
5517
5521
5522
5523
5525
5526
5527
5527
5527
5530
5533
5533
5533
5533
5534
5535
5535
5536
5536
5537
5537
5537
5538
5540
5541
5545
5545
5545
5546
5546
5546
5547
5548
5549
5550
5551
5554
5555
5556
5556
5557
5559
5559
5560
5563
5566
5567
5572
5573
5574
5574
5575
5576
5577
5577
5577
5579
5580
5581
5582
5583
5584
5586
5587
5589
5590
5590
5591
5593
5595
5596
5597
5597
5598
5599
5600
5603
5604
5605
5605
5605
5606
5607
5607
5608
5608
5609
5611
5611
5611
5611
5611
5615
5616
5616
5623
5624
5625
5627
5627
5633
5638
5638
5639
5640
5643
5645
5647
5648
5650
5651
5652
5652
5654
5656
5656
5657
5659
5659
5661
5662
5664
5669
5671
5671
5674
5675
5676
5676
5677
5678
5678
5680
5680
5681
5683
5684
5684
5685
5686
5687
5687
5688
5688
5688
5689
5691
5692
5692
5692
5695
5695
5697
5697
5699
5700
5701
5701
5702
5702
5702
5703
5704
5705
5705
5706
5707
5707
5707
5710
5713
5714
5718
5720
5721
5721
5723
5724
5725
5725
5726
5726
5728
5728
5729
5731
5734
5735
5737
5738
5739
5740
5741
5742
5743
5745
5745
5748
5748
5749
5752
5756
5756
5756
5757
5757
5759
5762
5762
5762
5763
5764
5766
5769
5770
5770
5770
5770
5771
5771
5773
5774
5774
5779
5779
5779
5779
5783
5783
5788
5791
5791
5792
5792
5792
5792
5792
5793
5795
5795
5796
5798
5798
5801
5802
5802
5803
5804
5804
5805
5806
5807
5808
5809
5809
5811
5812
5812
5814
5816
5819
5820
5820
5821
5821
5826
5826
5826
5827
5828
5828
5828
5830
5831
5832
5833
5833
5834
5836
5836
5839
5839
5842
5842
5843
5844
5845
5845
5848
5850
5853
5853
5853
5855
5855
5857
5858
5858
5860
5860
5862
5862
5864
5866
5866
5867
5867
5867
5868
5870
5870
5870
5872
5874
5875
5876
5876
5877
5877
5877
5878
5878
5882
5882
5882
5884
5885
5886
5886
5888
5888
5894
5894
5895
5895
5898
5899
5899
5900
5900
5904
5906
5906
5906
5907
5908
5909
5910
5912
5915
5919
5926
5926
5927
5929
5931
5931
5932
5932
5934
5935
5935
5936
5936
5938
5938
5939
5939
5941
5943
5943
5943
5944
5944
5946
5947
5947
5948
5949
5949
5950
5950
5950
5952
5952
5956
5957
5959
5959
5962
5964
5965
5965
5966
5967
5967
5968
5972
5973
5973
5976
5978
5979
5980
5981
5982
5985
5986
5987
5987
5989
5991
5991
5991
5994
5994
5995
5997
5998
5998
5998
6001
6002
6002
6005
6006
6007
6007
6009
6012
6013
6014
6017
6018
6020
6020
6021
6022
6024
6024
6025
6027
6027
6028
6028
6030
6030
6031
6031
6033
6033
6034
6038
6039
6040
6042
6043
6044
6047
6050
6051
6051
6051
6054
6054
6055
6055
6056
6057
6058
6060
6061
6061
6062
6062
6064
6067
6068
6070
6073
6074
6074
6076
6076
6079
6080
6080
6083
6084
6084
6085
6085
6087
6093
6094
6094
6094
6094
6094
6096
6097
6097
6098
6099
6099
6099
6100
6102
6103
6104
6107
6108
6109
6109
6109
6110
6111
6111
6111
6111
6111
6112
6112
6112
6113
6116
6117
6118
6119
6120
6129
6130
6132
6132
6136
6137
6139
6139
6141
6141
6144
6145
6147
6147
6147
6147
6148
6150
6151
6151
6156
6158
6158
6159
6159
6160
6160
6161
6161
6163
6163
6167
6169
6170
6171
6171
6172
6172
6178
6178
6179
6180
6180
6181
6181
6182
6183
6187
6187
6188
6191
6193
6196
6198
6200
6201
6202
6202
6207
6213
6216
6217
6217
6218
6219
6219
6220
6220
6221
6222
6224
6225
6226
6226
6228
6228
6231
6233
6234
6236
6238
6241
6244
6244
6247
6248
6250
6251
6251
6251
6252
6254
6255
6255
6255
6257
6257
6258
6261
6262
6264
6264
6267
6267
6270
6270
6271
6274
6277
6277
6277
6281
6282
6283
6284
6286
6286
6287
6288
6288
6289
6290
6291
6293
6296
6298
6301
6302
6306
6306
6307
6307
6308
6308
6309
6311
6311
6312
6313
6316
6316
6318
6318
6318
6319
6319
6319
6320
6322
6322
6323
6325
6328
6331
6332
6332
6335
6335
6335
6336
6337
6337
6339
6339
6340
6341
6342
6342
6344
6345
6346
6347
6353
6356
6356
6360
6360
6365
6365
6367
6368
6372
6374
6374
6378
6379
6384
6384
6386
6387
6388
6388
6388
6391
6393
6394
6396
6398
6399
6405
6405
6406
6413
6416
6420
6422
6425
6430
6431
6435
6435
6437
6439
6441
6444
6444
6444
6445
6445
6447
6448
6448
6451
6452
6454
6457
6459
6461
6462
6466
6470
6472
6474
6475
6475
6477
6478
6482
6482
6486
6489
6489
6490
6491
6491
6492
6493
6495
6503
6507
6508
6512
6513
6515
6516
6517
6518
6518
6519
6519
6520
6527
6527
6541
6543
6543
6549
6552
6552
6561
6561
6564
6567
6567
6568
6569
6572
6572
6573
6575
6577
6577
6583
6584
6587
6588
6589
6590
6592
6597
6597
6599
6600
6603
6603
6603
6604
6605
6608
6608
6609
6612
6614
6615
6615
6617
6619
6619
6619
6621
6622
6623
6624
6627
6627
6628
6629
6630
6631
6635
6640
6640
6640
6641
6641
6643
6645
6647
6653
6654
6658
6661
6661
6664
6664
6665
6666
6668
6668
6669
6670
6671
6674
6675
6675
6677
6678
6686
6688
6689
6689
6690
6690
6692
6692
6695
6696
6698
6698
6699
6699
6700
6701
6702
6706
6706
6711
6714
6714
6716
6720
6720
6721
6723
6729
6730
6732
6733
6737
6737
6737
6738
6738
6739
6740
6740
6740
6741
6744
6744
6745
6746
6747
6750
6751
6751
6752
6752
6756
6760
6762
6763
6763
6764
6769
6774
6774
6776
6779
6781
6782
6783
6785
6788
6789
6798
6799
6799
6800
6800
6801
6803
6803
6805
6808
6813
6815
6815
6817
6817
6818
6818
6820
6822
6827
6835
6838
6838
6841
6846
6850
6851
6852
6853
6853
6853
6853
6855
6859
6859
6860
6861
6862
6865
6866
6870
6872
6874
6874
6875
6876
6876
6887
6888
6888
6889
6891
6895
6897
6897
6901
6901
6906
6910
6911
6912
6915
6916
6917
6920
6924
6924
6924
6926
6927
6929
6929
6930
6932
6934
6936
6942
6943
6950
6950
6953
6954
6961
6965
6966
6969
6971
6971
6972
6975
6977
6978
6981
6983
6985
6986
6988
6991
6996
6997
7001
7003
7003
7012
7013
7021
7021
7021
7024
7030
7031
7031
7035
7037
7040
7042
7042
7042
7044
7044
7047
7048
7049
7050
7050
7050
7052
7056
7057
7057
7068
7068
7069
7070
7072
7074
7078
7078
7079
7079
7079
7082
7082
7084
7086
7088
7092
7094
7097
7098
7098
7099
7104
7108
7108
7110
7110
7111
7112
7112
7113
7116
7123
7123
7123
7127
7129
7129
7130
7141
7146
7147
7149
7157
7158
7161
7164
7164
7166
7184
7186
7190
7191
7192
7195
7201
7202
7203
7205
7206
7207
7209
7211
7211
7213
7214
7217
7217
7221
7223
7227
7229
7232
7241
7244
7246
7248
7253
7256
7258
7258
7259
7259
7260
7261
7261
7262
7264
7265
7270
7271
7278
7280
7288
7289
7289
7293
7300
7302
7306
7306
7309
7309
7310
7311
7313
7317
7318
7320
7320
7323
7325
7325
7327
7327
7330
7333
7336
7339
7341
7342
7344
7347
7348
7348
7349
7351
7361
7364
7367
7367
7367
7368
7377
7377
7378
7379
7391
7393
7394
7400
7401
7404
7409
7416
7419
7424
7426
7432
7432
7437
7438
7445
7448
7456
7458
7462
7462
7465
7469
7475
7476
7477
7478
7483
7484
7490
7492
7505
7508
7509
7517
7519
7529
7538
7542
7543
7544
7544
7546
7547
7548
7550
7551
7553
7561
7567
7571
7571
7571
7575
7584
7588
7590
7591
7592
7593
7594
7600
7604
7605
7609
7611
7618
7618
7627
7633
7652
7655
7656
7661
7665
7666
7667
7668
7672
7677
7678
7689
7693
7696
7701
7704
7709
7709
7712
7713
7718
7718
7720
7721
7725
7726
7727
7728
7730
7732
7738
7739
7741
7746
7748
7752
7752
7756
7758
7760
7761
7768
7775
7792
7793
7793
7794
7797
7805
7807
7809
7810
7819
7821
7821
7824
7838
7843
7850
7857
7861
7865
7867
7871
7872
7873
7879
7890
7891
7893
7894
7894
7899
7901
7905
7908
7922
7923
7930
7931
7944
7952
7954
7956
7960
7960
7961
7962
7964
7966
7973
7985
7986
7991
7994
7995
8001
8004
8004
8006
8007
8007
8007
8019
8026
8028
8032
8033
8038
8042
8049
8058
8058
8059
8060
8062
8067
8068
8073
8078
8078
8083
8090
8091
8092
8106
8115
8118
8120
8123
8124
8130
8131
8131
8133
8136
8137
8142
8144
8153
8154
8158
8159
8162
8168
8173
8176
8180
8195
8196
8205
8215
8221
8224
8226
8231
8241
8246
8250
8251
8258
8259
8260
8281
8290
8307
8313
8314
8314
8316
8329
8330
8344
8345
8346
8348
8349
8353
8354
8358
8358
8364
8369
8374
8379
8383
8387
8389
8396
8401
8401
8403
8408
8417
8421
8421
8424
8424
8432
8440
8445
8445
8446
8453
8465
8467
8478
8481
8481
8487
8489
8499
8499
8500
8503
8513
8517
8519
8520
8521
8522
8525
8531
8539
8543
8543
8545
8553
8557
8557
8559
8562
8563
8570
8581
8597
8601
8609
8612
8618
8619
8627
8634
8636
8655
8661
8662
8672
8675
8677
8678
8678
8687
8688
8688
8694
8698
8704
8708
8708
8715
8723
8734
8772
8772
8790
8791
8816
8842
8845
8846
8848
8854
8858
8858
8872
8923
8931
8932
8938
8940
8945
8945
8958
8966
8975
8979
8992
8996
8998
9000
9021
9031
9036
9043
9048
9051
9056
9076
9085
9090
9105
9118
9121
9149
9156
9157
9158
9165
9171
9177
9187
9203
9221
9229
9234
9235
9244
9252
9256
9258
9258
9262
9283
9293
9294
9301
9305
9314
9315
9348
9363
9366
9366
9373
9387
9388
9395
9401
9410
9417
9421
9422
9428
9446
9447
9450
9450
9461
9470
9477
9478
9484
9492
9501
9539
9564
9575
9601
9627
9637
9642
9667
9671
9714
9717
9721
9736
9750
9757
9761
9767
9787
9788
9811
9823
9834
9835
9858
9865
9896
9927
9948
9954
9954
9963
9973
10024
10028
10054
10202
10203
10216
10219
10237
10310
10317
10353
10368
10421
10428
10431
10462
10472
10514
10546
10603
10625
10664
10675
10714
10753
10921
10925
11033
11207
11235
11320
11504
11522
12013
13582
