1197
1278
1362
1411
1456
1572
1580
1584
1609
1641
1701
1714
1737
1752
1763
1765
1772
1774
1818
1824
1825
1838
1840
1854
1889
1900
1906
1916
1922
1931
1932
1961
1965
1968
1974
1979
1985
1993
2011
2022
2025
2028
2038
2039
2041
2042
2044
2047
2047
2055
2067
2088
2103
2104
2105
2106
2108
2112
2116
2130
2131
2134
2136
2137
2140
2152
2156
2156
2160
2173
2174
2176
2180
2180
2184
2189
2189
2196
2202
2203
2207
2208
2212
2213
2215
2216
2219
2220
2222
2233
2234
2240
2241
2244
2246
2247
2248
2249
2250
2250
2256
2257
2258
2271
2273
2275
2277
2282
2286
2288
2288
2296
2308
2312
2315
2317
2317
2317
2318
2320
2327
2328
2331
2332
2335
2335
2337
2341
2342
2344
2344
2347
2350
2351
2352
2355
2356
2360
2363
2364
2366
2366
2366
2367
2375
2375
2378
2381
2384
2388
2388
2396
2397
2400
2400
2403
2403
2405
2412
2416
2417
2420
2421
2428
2433
2434
2438
2441
2442
2443
2443
2450
2454
2456
2459
2461
2461
2461
2466
2472
2473
2474
2478
2483
2483
2484
2485
2485
2488
2490
2494
2497
2499
2500
2505
2508
2512
2512
2513
2513
2514
2520
2523
2526
2527
2531
2537
2542
2543
2544
2550
2553
2554
2554
2555
2559
2561
2569
2574
2577
2578
2579
2579
2579
2582
2583
2586
2590
2594
2596
2597
2604
2604
2609
2616
2622
2624
2626
2626
2626
2628
2636
2637
2639
2642
2646
2647
2655
2657
2662
2662
2664
2664
2665
2671
2676
2679
2683
2684
2693
2694
2699
2701
2706
2706
2706
2707
2707
2708
2708
2710
2713
2714
2714
2715
2716
2716
2723
2726
2732
2741
2742
2746
2747
2749
2758
2759
2769
2774
2780
2783
2788
2792
2799
2801
2803
2804
2806
2808
2809
2809
2809
2811
2812
2813
2813
2815
2815
2815
2818
2820
2831
2835
2835
2836
2839
2840
2840
2846
2849
2851
2853
2853
2858
2860
2862
2863
2865
2866
2867
2869
2877
2878
2879
2879
2883
2888
2897
2899
2899
2901
2904
2905
2906
2907
2908
2910
2912
2922
2923
2925
2929
2929
2931
2932
2932
2934
2937
2939
2940
2941
2942
2944
2945
2946
2948
2948
2952
2955
2955
2956
2963
2963
2964
2966
2966
2967
2969
2975
2976
2981
2986
2986
2991
2993
2999
3001
3002
3003
3010
3010
3011
3011
3017
3025
3026
3026
3026
3028
3030
3031
3032
3033
3036
3037
3038
3038
3038
3039
3039
3040
3045
3046
3047
3050
3052
3055
3055
3061
3067
3068
3071
3072
3077
3078
3081
3082
3083
3085
3087
3089
3092
3092
3093
3093
3094
3097
3099
3111
3111
3111
3113
3113
3113
3116
3117
3120
3120
3121
3122
3123
3124
3125
3125
3126
3126
3127
3127
3131
3134
3134
3140
3146
3147
3149
3151
3152
3153
3157
3158
3163
3163
3164
3166
3174
3175
3176
3176
3178
3183
3183
3190
3191
3193
3195
3196
3199
3201
3206
3211
3211
3213
3214
3214
3218
3221
3223
3229
3230
3230
3234
3235
3235
3237
3240
3241
3242
3244
3245
3246
3246
3246
3251
3251
3252
3252
3254
3255
3270
3275
3275
3276
3276
3279
3280
3284
3284
3286
3287
3289
3294
3296
3297
3304
3308
3309
3310
3313
3314
3315
3317
3317
3318
3319
3321
3322
3329
3330
3331
3334
3334
3335
3338
3339
3340
3343
3347
3348
3352
3353
3354
3359
3361
3362
3362
3366
3366
3372
3372
3372
3373
3373
3373
3374
3380
3382
3382
3383
3385
3387
3391
3392
3393
3394
3400
3404
3405
3410
3416
3416
3418
3418
3419
3421
3421
3424
3427
3428
3429
3432
3433
3433
3434
3436
3436
3441
3443
3446
3446
3447
3450
3453
3454
3458
3458
3459
3461
3462
3463
3463
3464
3465
3466
3468
3469
3472
3479
3479
3483
3486
3488
3490
3491
3494
3495
3495
3498
3500
3500
3502
3505
3505
3506
3506
3506
3506
3507
3512
3512
3516
3516
3517
3521
3525
3526
3527
3528
3529
3530
3530
3531
3535
3536
3538
3538
3538
3541
3541
3541
3541
3545
3546
3547
3548
3549
3550
3550
3551
3554
3556
3556
3557
3558
3558
3561
3562
3564
3564
3565
3565
3567
3569
3569
3570
3572
3575
3576
3579
3587
3587
3588
3589
3589
3590
3592
3594
3599
3600
3600
3604
3604
3611
3613
3613
3615
3615
3621
3623
3624
3625
3625
3626
3630
3636
3638
3639
3639
3643
3645
3646
3647
3649
3650
3651
3652
3654
3660
3660
3662
3664
3664
3665
3665
3669
3670
3670
3673
3674
3674
3675
3677
3678
3679
3684
3684
3685
3686
3687
3690
3690
3691
3692
3694
3696
3697
3698
3700
3701
3701
3705
3706
3710
3711
3713
3713
3714
3715
3717
3717
3718
3718
3723
3725
3725
3725
3726
3728
3731
3735
3737
3742
3743
3744
3744
3747
3749
3757
3759
3759
3760
3760
3762
3762
3764
3765
3767
3770
3771
3774
3775
3777
3777
3780
3781
3782
3782
3784
3785
3786
3787
3789
3791
3792
3793
3797
3798
3798
3799
3800
3802
3803
3806
3807
3807
3810
3811
3814
3814
3815
3816
3816
3817
3818
3818
3821
3822
3822
3827
3827
3828
3833
3833
3833
3834
3837
3839
3839
3840
3841
3844
3844
3845
3845
3847
3848
3848
3850
3854
3855
3861
3864
3865
3867
3867
3870
3871
3872
3876
3879
3883
3884
3885
3887
3889
3890
3895
3898
3899
3899
3901
3902
3903
3904
3906
3907
3907
3911
3911
3913
3915
3917
3921
3923
3927
3927
3931
3932
3936
3936
3937
3940
3945
3945
3946
3946
3946
3949
3952
3953
3956
3958
3961
3963
3968
3969
3971
3971
3973
3975
3981
3982
3986
3988
3989
3992
3996
3997
3997
4002
4006
4006
4008
4009
4009
4011
4013
4014
4015
4016
4021
4021
4022
4023
4025
4027
4029
4029
4031
4031
4032
4032
4034
4034
4038
4038
4041
4042
4046
4047
4047
4058
4058
4064
4064
4064
4067
4068
4068
4070
4072
4080
4081
4081
4082
4093
4093
4093
4095
4098
4102
4103
4104
4107
4108
4109
4110
4111
4112
4114
4121
4122
4123
4126
4128
4134
4135
4137
4139
4142
4143
4145
4145
4147
4152
4153
4154
4155
4156
4157
4160
4160
4169
4177
4178
4179
4180
4182
4182
4182
4195
4195
4197
4199
4199
4201
4202
4208
4210
4210
4214
4218
4219
4221
4221
4222
4225
4225
4226
4230
4231
4231
4233
4233
4234
4236
4237
4238
4239
4241
4243
4244
4246
4247
4247
4249
4250
4250
4250
4250
4253
4259
4260
4265
4266
4267
4274
4274
4276
4280
4282
4285
4287
4289
4289
4292
4293
4300
4302
4302
4306
4307
4308
4308
4309
4310
4312
4315
4317
4321
4322
4326
4328
4330
4331
4333
4333
4335
4339
4339
4340
4341
4343
4344
4345
4345
4346
4346
4350
4354
4355
4356
4361
4361
4364
4364
4365
4365
4366
4367
4367
4372
4375
4377
4381
4381
4384
4393
4395
4399
4400
4400
4400
4401
4403
4405
4406
4410
4412
4414
4418
4420
4421
4424
4426
4428
4428
4429
4430
4432
4432
4432
4433
4434
4436
4439
4440
4441
4444
4444
4448
4448
4451
4453
4455
4456
4459
4461
4469
4470
4471
4471
4474
4478
4479
4482
4487
4489
4490
4492
4493
4493
4497
4497
4499
4506
4507
4507
4509
4512
4513
4514
4516
4516
4525
4525
4526
4530
4533
4535
4536
4539
4539
4540
4540
4542
4543
4550
4553
4556
4556
4556
4557
4558
4575
4575
4576
4576
4577
4579
4579
4580
4581
4582
4583
4583
4584
4584
4587
4588
4588
4589
4590
4591
4592
4592
4592
4594
4595
4598
4599
4605
4612
4613
4614
4619
4619
4621
4624
4629
4632
4632
4632
4633
4636
4638
4641
4642
4642
4644
4644
4650
4650
4657
4659
4661
4662
4663
4663
4664
4665
4669
4669
4669
4679
4680
4680
4680
4681
4682
4683
4685
4687
4689
4690
4691
4693
4696
4698
4703
4703
4706
4707
4708
4708
4713
4716
4716
4718
4719
4719
4720
4722
4722
4724
4731
4732
4733
4733
4739
4740
4742
4743
4745
4746
4749
4750
4751
4755
4758
4759
4759
4759
4764
4766
4767
4767
4768
4768
4770
4773
4774
4775
4777
4780
4786
4790
4794
4794
4796
4796
4797
4802
4804
4805
4806
4808
4808
4813
4814
4817
4818
4818
4820
4829
4830
4831
4837
4838
4841
4843
4844
4846
4847
4848
4850
4853
4854
4858
4859
4861
4863
4866
4870
4884
4894
4895
4897
4897
4900
4900
4901
4901
4903
4903
4910
4914
4917
4921
4922
4923
4925
4929
4933
4934
4935
4937
4944
4954
4955
4955
4956
4969
4970
4970
4974
4975
4975
4975
4978
4985
4986
4987
4991
4991
4993
4994
4995
4998
4998
4999
4999
5002
5002
5004
5004
5005
5006
5008
5010
5012
5014
5016
5016
5018
5019
5021
5022
5026
5027
5036
5036
5038
5042
5042
5043
5045
5053
5054
5055
5057
5060
5064
5066
5068
5068
5073
5075
5076
5077
5078
5081
5083
5086
5091
5096
5097
5100
5100
5102
5105
5106
5106
5112
5117
5122
5126
5127
5129
5130
5132
5132
5133
5139
5144
5149
5153
5157
5157
5161
5162
5172
5173
5175
5177
5178
5179
5183
5185
5186
5186
5190
5195
5199
5200
5203
5203
5204
5204
5210
5211
5216
5218
5219
5224
5230
5234
5237
5239
5240
5243
5243
5244
5244
5249
5251
5252
5253
5253
5255
5260
5261
5262
5265
5266
5267
5270
5271
5274
5275
5278
5281
5282
5284
5284
5285
5286
5290
5292
5304
5305
5317
5317
5320
5320
5322
5326
5329
5334
5334
5342
5345
5349
5349
5351
5352
5354
5359
5360
5363
5365
5366
5374
5375
5378
5378
5379
5381
5382
5386
5386
5389
5389
5389
5394
5398
5401
5404
5406
5406
5410
5417
5426
5426
5427
5431
5435
5439
5440
5443
5445
5447
5448
5453
5454
5467
5468
5470
5479
5479
5483
5484
5490
5496
5500
5501
5505
5506
5507
5511
5513
5518
5520
5521
5522
5527
5531
5531
5534
5538
5539
5541
5542
5547
5550
5550
5552
5561
5571
5573
5574
5579
5583
5583
5584
5585
5589
5591
5591
5592
5597
5601
5607
5609
5615
5620
5622
5623
5627
5627
5628
5631
5631
5636
5638
5639
5644
5650
5657
5658
5660
5660
5664
5670
5676
5679
5684
5687
5688
5690
5691
5694
5695
5696
5703
5709
5712
5713
5719
5729
5741
5742
5744
5746
5750
5751
5752
5755
5757
5759
5761
5764
5770
5774
5775
5775
5788
5788
5789
5791
5793
5795
5795
5802
5814
5820
5827
5832
5833
5835
5838
5839
5842
5845
5850
5851
5854
5858
5861
5864
5865
5871
5875
5875
5880
5885
5886
5887
5889
5891
5891
5894
5895
5898
5899
5901
5903
5907
5908
5909
5912
5914
5916
5918
5919
5923
5928
5929
5931
5933
5934
5935
5935
5935
5937
5943
5944
5946
5949
5952
5953
5954
5955
5959
5963
5968
5970
5973
5975
5981
5987
5990
5991
5992
5997
6002
6002
6003
6006
6010
6015
6015
6023
6025
6027
6030
6031
6034
6038
6045
6050
6051
6053
6055
6060
6061
6061
6065
6068
6070
6072
6075
6077
6081
6084
6086
6086
6087
6089
6091
6095
6097
6097
6098
6099
6103
6104
6105
6106
6106
6109
6111
6117
6126
6130
6134
6141
6142
6149
6156
6157
6158
6159
6160
6166
6168
6172
6174
6177
6178
6179
6179
6180
6185
6190
6190
6191
6191
6194
6198
6199
6200
6201
6201
6203
6205
6209
6212
6212
6213
6215
6215
6222
6222
6229
6242
6245
6246
6247
6252
6253
6256
6257
6263
6264
6264
6264
6267
6272
6283
6285
6290
6293
6294
6296
6304
6308
6309
6312
6313
6314
6317
6318
6321
6324
6326
6329
6333
6337
6344
6348
6350
6353
6353
6353
6355
6355
6359
6365
6369
6371
6372
6378
6382
6385
6388
6390
6393
6394
6397
6399
6401
6402
6413
6414
6418
6419
6426
6429
6435
6435
6436
6437
6440
6446
6447
6451
6460
6460
6461
6464
6477
6477
6487
6492
6493
6494
6508
6508
6513
6516
6518
6519
6520
6521
6524
6529
6529
6532
6536
6540
6544
6552
6559
6563
6565
6567
6568
6575
6579
6586
6598
6602
6602
6603
6611
6613
6615
6630
6639
6640
6641
6641
6643
6646
6646
6651
6656
6658
6662
6663
6667
6671
6672
6673
6674
6678
6681
6682
6683
6688
6695
6700
6700
6709
6710
6713
6716
6718
6728
6728
6729
6735
6738
6744
6754
6758
6766
6767
6768
6772
6776
6778
6793
6794
6797
6803
6804
6810
6819
6826
6834
6835
6835
6840
6842
6848
6858
6866
6867
6868
6876
6881
6886
6886
6887
6894
6899
6901
6907
6911
6916
6925
6926
6927
6936
6936
6938
6939
6942
6943
6947
6949
6954
6955
6956
6957
6968
6970
6971
6988
6992
6994
7002
7010
7016
7022
7026
7030
7033
7033
7035
7038
7039
7042
7043
7044
7045
7051
7062
7065
7065
7068
7072
7083
7085
7089
7098
7106
7107
7108
7124
7124
7129
7130
7135
7135
7135
7138
7139
7139
7143
7146
7148
7151
7171
7189
7195
7209
7211
7219
7225
7241
7254
7262
7268
7274
7285
7287
7308
7309
7320
7326
7332
7350
7356
7362
7365
7370
7373
7377
7384
7390
7419
7425
7436
7443
7445
7448
7455
7456
7458
7468
7474
7480
7492
7496
7498
7498
7509
7514
7521
7528
7533
7535
7537
7547
7548
7566
7567
7583
7588
7591
7593
7606
7610
7616
7621
7621
7629
7629
7637
7638
7639
7640
7643
7655
7667
7671
7676
7676
7694
7703
7736
7737
7747
7750
7756
7759
7761
7764
7765
7771
7781
7790
7794
7799
7812
7814
7821
7833
7834
7848
7852
7869
7885
7890
7903
7949
7950
7952
7954
7957
7965
7971
7981
7992
8000
8001
8006
8012
8014
8015
8018
8025
8037
8054
8057
8058
8065
8068
8087
8098
8102
8117
8121
8135
8140
8140
8144
8152
8155
8169
8169
8175
8176
8204
8208
8211
8215
8242
8249
8263
8282
8285
8292
8308
8329
8333
8334
8376
8382
8388
8395
8408
8413
8430
8444
8451
8461
8475
8489
8498
8499
8507
8536
8544
8550
8551
8564
8582
8590
8596
8598
8607
8636
8656
8670
8674
8677
8701
8718
8719
8731
8731
8742
8748
8763
8764
8769
8778
8795
8796
8798
8806
8811
8841
8844
8850
8866
8884
8900
8924
8925
8931
8953
8974
9018
9026
9029
9037
9045
9053
9058
9061
9062
9175
9177
9185
9210
9221
9230
9242
9244
9294
9333
9362
9374
9431
9438
9446
9461
9465
9465
9474
9485
9506
9611
9618
9641
9654
9795
9825
9844
9846
9914
9937
10050
10067
10092
10121
10153
10156
10209
10213
10232
10310
10335
10378
10455
10516
10589
10595
10598
10633
10647
10652
10701
10767
10789
10794
10797
10853
10854
10975
11008
11071
11150
11350
11642
11832
12868
15116
