1823
1885
1987
2054
2061
2150
2170
2239
2257
2259
2283
2290
2366
2430
2445
2456
2466
2488
2552
2564
2565
2693
2694
2694
2700
2752
2756
2769
2802
2803
2813
2819
2835
2870
2873
2873
2901
2906
2922
2934
2946
2962
2982
2984
3001
3001
3011
3011
3014
3021
3028
3040
3052
3062
3076
3091
3092
3110
3199
3209
3214
3215
3219
3224
3232
3233
3247
3263
3305
3310
3338
3346
3356
3383
3385
3396
3398
3409
3431
3441
3450
3458
3466
3472
3489
3491
3496
3524
3526
3550
3550
3553
3555
3556
3562
3567
3574
3592
3595
3606
3614
3640
3642
3643
3675
3686
3713
3714
3724
3731
3749
3753
3761
3771
3784
3787
3790
3811
3811
3826
3851
3859
3872
3877
3885
3895
3902
3910
3913
3935
3935
3937
3942
3942
3951
3953
3968
3972
3986
4000
4001
4002
4017
4024
4033
4039
4041
4047
4054
4057
4067
4081
4090
4092
4097
4106
4114
4119
4121
4124
4137
4140
4151
4152
4155
4157
4163
4167
4174
4212
4214
4226
4244
4249
4257
4261
4269
4271
4277
4295
4296
4316
4317
4332
4333
4333
4335
4338
4342
4358
4360
4361
4362
4389
4402
4409
4414
4420
4436
4439
4441
4444
4458
4479
4490
4498
4512
4515
4518
4519
4540
4546
4549
4552
4558
4560
4563
4580
4582
4601
4603
4604
4608
4620
4630
4632
4644
4645
4646
4677
4684
4685
4686
4693
4703
4717
4731
4733
4737
4739
4741
4758
4758
4761
4764
4766
4777
4782
4822
4849
4850
4868
4879
4880
4887
4900
4905
4916
4938
4940
4946
4954
4971
4972
4986
4991
4994
5020
5045
5053
5059
5059
5061
5074
5081
5097
5101
5103
5110
5125
5126
5136
5150
5175
5177
5177
5179
5189
5191
5214
5220
5227
5230
5239
5242
5258
5269
5312
5317
5321
5341
5362
5372
5404
5413
5429
5430
5436
5444
5461
5465
5483
5489
5521
5540
5541
5545
5555
5564
5586
5591
5592
5594
5597
5600
5607
5626
5627
5633
5649
5660
5672
5675
5677
5701
5706
5712
5713
5742
5745
5751
5767
5773
5774
5778
5785
5793
5809
5839
5856
5859
5879
5884
5886
5900
5916
5933
5934
5953
5970
5970
5970
5979
6006
6011
6024
6052
6075
6083
6110
6112
6120
6128
6130
6140
6152
6154
6154
6194
6219
6220
6233
6239
6243
6258
6273
6280
6287
6299
6304
6313
6370
6378
6378
6382
6388
6407
6419
6444
6445
6469
6479
6485
6487
6489
6517
6520
6527
6543
6603
6615
6645
6663
6667
6670
6695
6699
6729
6731
6745
6769
6774
6824
6833
6865
6888
6901
6925
6927
6942
6944
6972
7001
7021
7022
7024
7031
7037
7046
7055
7069
7104
7106
7122
7149
7176
7204
7221
7245
7260
7279
7292
7324
7341
7369
7379
7402
7416
7502
7522
7535
7554
7565
7570
7595
7614
7664
7684
7747
7751
7784
7799
7810
7843
7853
7856
7870
7872
7875
7882
7909
7955
7991
8011
8051
8052
8071
8078
8110
8147
8158
8193
8198
8200
8255
8337
8348
8369
8389
8427
8451
8459
8462
8475
8487
8506
8526
8573
8580
8599
8614
8632
8662
8683
8685
8706
8712
8721
8775
8791
8793
8883
8945
8961
8968
8970
9027
9031
9031
9044
9053
9058
9087
9217
9276
9313
9391
9399
9577
9634
9745
9781
9836
9988
10179
10195
10227
10286
10311
10500
10580
12118
12692
