2647
3093
3182
3302
3328
3357
3398
3451
3574
3644
3650
3671
3687
3713
3769
3784
3950
3956
4004
4075
4108
4137
4164
4168
4244
4298
4370
4412
4432
4470
4653
4717
4800
4952
4966
4978
4981
5081
5107
5194
5215
5275
5296
5390
5392
5433
5580
5594
5616
5645
5698
5716
5734
5737
6110
6130
6216
6234
6302
6353
6364
6442
6494
6546
6628
6786
6841
6852
7041
7051
7064
7272
7298
7354
7402
7407
7536
7577
7647
7761
7948
7977
7995
8056
8096
8098
8121
8150
8264
8484
8531
8675
8711
8782
8891
8894
8917
9206
9299
9388
9545
9629
9716
9881
